255541
296861
316321
490722
497527
497974
504487
505047
505307
505367
506882
507567
508259
509867
509944
510325
511028
511059
511878
512202
515967
518682
519781
520153
520275
520546
524920
526297
526407
528071
529275
534382
541759
552355
553868
553997
562837
567429
567604
567712
582067
586603
586921
587328
587704
591441
595131
595229
635457
638013
642724
664202
667471
667858
668306
672677
678213
714944
732871
743191
746708
748308
751328
783121
785419
817901
850196
850212
858983
860212
903578
903675
906364
927079
965816
966583
970027
989061
1002485
1018801
1023840
1032386
1042161
1054592
1058817
1072679
1072737
1073533
1100597
1101852
1111673
1158690
1185626
1187110
1195685
1207198
1211299
1212453
1247443
1253673
1256821
1260922
1261471
1269584
1280720
1287993
1301424
1307290
1346157
1355086
1356217
1366410
1373810
1406723
1432008
1483831
1519124
1546872
1551853
1569432
1569473
1572018
1589231
1591042
1592317
1598227
1604642
1615966
1621459
1624210
1648902
1672266
1672572
1674106
1682287
1683740
1684223
1685180
1704961
1724573
1737372
1738038
1764846
1798309
1803944
1806483
1806941
1826435
1853105
1880895
1881560
1888113
1889138
1937053
1951160
1997888
2015652
2023852
2024689
2059087
2174090
2199879
2237982
